username,time,tweet
tomoro_music,Tue May 05 05:25:58 IST 2015,i love it when the fire alarm goes off in my building it actually gets me out of the studio  noreally
tomoro_music,Tue May 05 04:54:33 IST 2015,if you havent already grab a free download of one of my new tracks spirit glitch  music free download edm
tomoro_music,Sat May 02 03:49:05 IST 2015,the avengers awesome go see it
tomoro_music,Fri May 01 04:52:14 IST 2015,last demo of the week is now live  check it out groove music drums beat catchy song
tomoro_music,Thu Apr 30 04:29:10 IST 2015,just released tom oro - acid cult 
tomoro_music,Thu Apr 30 01:00:17 IST 2015,new day new demo  check it out and grab a free download music new demo
tomoro_music,Wed Apr 29 00:05:59 IST 2015,demo of spirit glitch is out now check it out  edm music trip triphop beats demo recommendation
tomoro_music,Tue Apr 28 04:38:22 IST 2015,demo of a new track ive been working will be live on souncloud tomorrow keep a look out for it on tuesday music edm demo hardatwork
tomoro_music,Mon Apr 27 06:49:18 IST 2015,got time music can wait for an hour
tomoro_music,Thu Apr 23 21:40:17 IST 2015,the struggle to wake up is real nyc weather killingme
tomoro_music,Tue Apr 21 23:45:32 IST 2015,summer is closing in guys so greet it with a tropical banger  edm music summer tropical rec
tomoro_music,Tue Apr 21 01:36:17 IST 2015,feeling good guys its a great day so liven it up with a sick track  edm music rec
tomoro_music,Tue Apr 21 01:16:34 IST 2015,i have a feeling that people will be much happier in about 35 minutes fourtwenny goodday
tomoro_music,Sun Apr 19 09:53:13 IST 2015,staying in and producing music instead of going ham in clubs and bars - producerlife
tomoro_music,Sun Apr 19 01:35:53 IST 2015,rt  cannibalism 
tomoro_music,Sat Apr 18 23:46:11 IST 2015,its when you hit rock bottom that you make the greatest changes - a good quote just dont remember the source
tomoro_music,Thu Apr 16 06:10:11 IST 2015,rt  giant thank you/shout out to t-mobile ceo  for inviting  and myself to perform in maui cant wait t…
tomoro_music,Wed Apr 15 07:17:29 IST 2015,s  is rocking my socks off cantstopwatching
tomoro_music,Mon Apr 13 22:56:04 IST 2015,got an interview with a management company wish me luck
tomoro_music,Sun Apr 12 02:25:39 IST 2015,song recommendation of today is dope  edm music rec saturday
tomoro_music,Sat Apr 11 01:55:43 IST 2015,thinking about whether or not to focus on remixes or original songs thingsproducersthinkabout
tomoro_music,Thu Apr 09 11:00:09 IST 2015,strange thought of the evening  actually makes good songs
tomoro_music,Thu Apr 09 06:18:36 IST 2015,a mashup of  and the  - thoughts  music mashup remix
tomoro_music,Wed Apr 08 08:34:36 IST 2015,musical gold right here  edm music rec tuesday
tomoro_music,Tue Apr 07 04:14:05 IST 2015,to drop or not to drop that is the question producerthoughts music
tomoro_music,Tue Apr 07 01:33:22 IST 2015,if steve aoki was a baby hed throw tantrums not cake edm jokes punny
tomoro_music,Fri Apr 03 00:48:52 IST 2015,nyc weather finally on point feeling good
tomoro_music,Thu Apr 02 21:12:08 IST 2015,a long time coming but the newest  song is finally out  music rec edm thursday turnup
tomoro_music,Thu Apr 02 21:01:02 IST 2015,rt  my new sounds shockaddict - daydreaming  on soundcloud
tomoro_music,Thu Apr 02 02:04:36 IST 2015,so justin bieber performed for ultra even when they said they would block people who suggested it last year hrm ultra bieber confused
tomoro_music,Wed Apr 01 01:08:20 IST 2015,anybody else psyched for the new  song i know i am check it out  edm tropical house music rec
tomoro_music,Tue Mar 31 01:12:46 IST 2015,if youve missed it take a listen to my latest remix  share if you like it
tomoro_music,Mon Mar 30 23:05:06 IST 2015,absolutely in love with this song   edm soundcloud music rec amazing
tomoro_music,Mon Mar 30 08:31:38 IST 2015,been a while but heres my take on s a house feat kid a  be sure to share if you like it edm remix
tomoro_music,Mon Mar 30 01:34:52 IST 2015,its almost april and its still cold whats the deal new york nyc weather coldasballs 
tomoro_music,Sun Mar 29 04:22:20 IST 2015,rt  great energy from  on  party 
tomoro_music,Sun Mar 29 04:21:48 IST 2015,cant go to miami so im bringing umf to my room headphone game strong ultra2015 edm house ultralive
tomoro_music,Sun Mar 29 00:48:29 IST 2015,its rare that i hear a rock song i like these days but these guys did it   music keeprocking rec
tomoro_music,Sat Mar 28 07:54:48 IST 2015,its friday turn up everyone producing tip try having your aux effects set to 100 wet when youre bussing then
tomoro_music,Thu Mar 26 05:22:15 IST 2015,i want to kiss whoever invented the concept of putting tapioca in bubble tea its genius foodforthought tea
tomoro_music,Wed Mar 25 23:46:12 IST 2015,want to hear a remix of  s song a house ft kid a then head over to the tom oro page to watch the vid 
tomoro_music,Wed Mar 25 04:55:56 IST 2015,as always a song recommendation check out this deep house banger by eurythmics  deep house edm music rec
tomoro_music,Tue Mar 24 00:38:14 IST 2015,cherry garcia from ben and jerrys is life icecream
tomoro_music,Sun Mar 22 22:39:37 IST 2015,hm pancake state of mind take a listen its the first video on the page  nyc pancakes sunday lazyday
tomoro_music,Sun Mar 22 02:42:35 IST 2015,songtipsaturday start with the catchiest partthe chorus for ex that way the songs good and you can build around it in terms of dynamics
tomoro_music,Fri Mar 20 01:14:24 IST 2015,how could i not recommend this song take a listen  house deep deephouse edm music rec thursday turnup
tomoro_music,Thu Mar 19 08:17:20 IST 2015,tweeting at 35000 feet right now amazed jetblue thetruemvp
tomoro_music,Tue Mar 17 01:56:56 IST 2015,sometimes the best creative tip is to take a break music edm producer dj tips 
tomoro_music,Mon Mar 16 01:16:05 IST 2015,finally arrived layover no more cancun springbreak mexico beach 
tomoro_music,Sat Mar 14 16:48:09 IST 2015,7 hour layovers why do they exist dying tired finallytakingoff
